ref_box:  tensor([[ 5.7629e+06, -1.0905e+07,  5.7178e+06,  0.0000e+00,  0.0000e+00,
          0.0000e+00,  4.3645e+00],
        [        nan,         nan,         nan,  0.0000e+00,         inf,
          0.0000e+00,  3.7229e+00],
        [        nan,         nan,         nan,  0.0000e+00,         inf,
          0.0000e+00,  5.9270e+00],
        [        nan,         nan,         nan,         inf,         inf,
          0.0000e+00,  3.5354e+00],
        [ 1.2513e+07, -8.8169e+06,  4.9145e+06,  0.0000e+00,  0.0000e+00,
          0.0000e+00,  6.6770e+00],
        [        nan,         nan,         nan,         inf,         inf,
          0.0000e+00,  2.9104e+00],
        [ 3.0144e+07, -1.4459e+07,  7.9706e+06,  0.0000e+00,  0.0000e+00,
          0.0000e+00,  1.0354e+00],
        [ 3.1097e+07, -1.2274e+07,  4.8037e+06,  0.0000e+00,  0.0000e+00,
          0.0000e+00,  3.4104e+00],
        [        nan,         nan,         nan,         inf,  0.0000e+00,
                 inf,  6.4270e+00],
        [        nan,         nan,         nan,         inf,  0.0000e+00,
                 inf,  3.9270e+00],
        [ 2.6679e+07, -1.0162e+07,  5.2039e+06,  0.0000e+00,  0.0000e+00,
          0.0000e+00,  5.4270e+00],
        [        nan,         nan,         nan,  0.0000e+00,  0.0000e+00,
                 inf,  4.9270e+00],
        [        nan,         nan,         nan,         inf,  0.0000e+00,
          0.0000e+00,  4.9895e+00],
        [        nan,         nan,         nan,  0.0000e+00,         inf,
          0.0000e+00,  5.6770e+00],
        [        nan,         nan,         nan,         inf,  0.0000e+00,
          0.0000e+00,  4.9270e+00],
        [ 3.0340e+07, -2.2200e+07,  7.3589e+06,  0.0000e+00,  0.0000e+00,
          0.0000e+00,  6.1770e+00],
        [        nan,         nan,         nan,         inf,  0.0000e+00,
                 inf,  4.3020e+00],
        [        nan,         nan,         nan,         inf,  0.0000e+00,
          0.0000e+00,  3.4104e+00],
        [ 1.7225e+07,  2.0718e+06,  7.6291e+06,  0.0000e+00,  0.0000e+00,
          0.0000e+00,  2.5354e+00],
        [ 2.2594e+07, -1.6079e+07,  6.4656e+06,  0.0000e+00,  0.0000e+00,
          0.0000e+00,  1.4729e+00],
        [        nan,         nan,         nan,         inf,         inf,
                 inf,  6.9270e+00],
        [        nan,         nan,         nan,         inf,  0.0000e+00,
                 inf,  6.3020e+00],
        [        nan,         nan,         nan,         inf,  0.0000e+00,
                 inf,  5.4270e+00],
        [        nan,         nan,         nan,         inf,         inf,
          0.0000e+00,  6.6770e+00],
        [ 1.8377e+07, -2.0353e+07,  7.3453e+06,  0.0000e+00,  0.0000e+00,
          0.0000e+00,  2.6604e+00],
        [ 2.6342e+07, -6.5426e+06,  6.1081e+06,  0.0000e+00,  0.0000e+00,
          0.0000e+00,  2.2854e+00],
        [        nan,         nan,         nan,         inf,  0.0000e+00,
          0.0000e+00,  4.6770e+00],
        [        nan,         nan,         nan,         inf,         inf,
                 inf,  4.3371e+00],
        [        nan,         nan,         nan,         inf,  0.0000e+00,
          0.0000e+00,  1.7854e+00],
        [        nan,         nan,         nan,         inf,  0.0000e+00,
                 inf,  4.5520e+00],
        [        nan,         nan,         nan,         inf,  0.0000e+00,
          0.0000e+00,  4.9895e+00],
        [        nan,         nan,         nan,         inf,  0.0000e+00,
          0.0000e+00,  5.9270e+00],
        [        nan,         nan,         nan,         inf,         inf,
          0.0000e+00,  1.7854e+00],
        [        nan,         nan,         nan,         inf,  0.0000e+00,
          0.0000e+00,  3.2854e+00],
        [        nan,         nan,         nan,         inf,  0.0000e+00,
          0.0000e+00,  4.8020e+00],
        [ 1.3939e+07, -1.0571e+07,  2.5595e+06,  0.0000e+00,  0.0000e+00,
          0.0000e+00,  3.5979e+00],
        [        nan,         nan,         nan,         inf,  0.0000e+00,
          0.0000e+00,  4.9895e+00],
        [        nan,         nan,         nan,         inf,         inf,
          0.0000e+00,  5.6770e+00],
        [        nan,         nan,         nan,         inf,  0.0000e+00,
                 inf,  4.9270e+00],
        [        nan,         nan,         nan,         inf,  0.0000e+00,
                 inf,  6.1145e+00],
        [        nan,         nan,         nan,         inf,  0.0000e+00,
          0.0000e+00,  6.9270e+00],
        [        nan,         nan,         nan,         inf,  0.0000e+00,
          0.0000e+00,  6.3020e+00],
        [ 9.7845e+06, -1.1156e+06,  1.6591e+06,  0.0000e+00,  0.0000e+00,
          0.0000e+00,  1.9104e+00],
        [        nan,         nan,         nan,  0.0000e+00,         inf,
                 inf,  3.6604e+00],
        [        nan,         nan,         nan,  0.0000e+00,  0.0000e+00,
                 inf,  5.8332e+00],
        [ 1.3511e+07, -8.3115e+06,  3.4060e+06,  0.0000e+00,  0.0000e+00,
          0.0000e+00,  1.4729e+00],
        [ 3.2906e+07, -5.1471e+06,  3.4456e+06,  0.0000e+00,  0.0000e+00,
          0.0000e+00,  7.8539e-01],
        [        nan,         nan,         nan,         inf,         inf,
          0.0000e+00,  5.4270e+00],
        [        nan,         nan,         nan,         inf,  0.0000e+00,
          0.0000e+00,  5.8020e+00],
        [ 1.8517e+07, -7.6163e+06,  3.7639e+06,  0.0000e+00,  0.0000e+00,
          0.0000e+00,  3.5354e+00],
        [        nan,         nan,         nan,         inf,  0.0000e+00,
                 inf,  4.9270e+00],
        [        nan,         nan,         nan,         inf,         inf,
          0.0000e+00,  1.2854e+00],
        [        nan,         nan,         nan,  0.0000e+00,  0.0000e+00,
                 inf,  6.9270e+00],
        [        nan,         nan,         nan,  0.0000e+00,         inf,
          0.0000e+00,  2.0354e+00],
        [        nan,         nan,         nan,         inf,  0.0000e+00,
          0.0000e+00,  5.9270e+00],
        [        nan,         nan,         nan,         inf,  0.0000e+00,
                 inf,  4.9270e+00],
        [        nan,         nan,         nan,         inf,         inf,
          0.0000e+00,  2.0354e+00],
        [        nan,         nan,         nan,  0.0000e+00,         inf,
          0.0000e+00,  1.7854e+00],
        [ 1.5422e+07, -1.1127e+07,  2.9412e+06,  0.0000e+00,  0.0000e+00,
          0.0000e+00,  3.3479e+00],
        [        nan,         nan,         nan,  0.0000e+00,  0.0000e+00,
                 inf,  6.9270e+00],
        [        nan,         nan,         nan,  0.0000e+00,  0.0000e+00,
                 inf,  5.5520e+00],
        [-6.2717e+05, -1.5909e+07,  4.7901e+06,  0.0000e+00,  0.0000e+00,
          0.0000e+00,  4.9895e+00],
        [        nan,         nan,         nan,         inf,         inf,
          0.0000e+00,  5.5520e+00],
        [        nan,         nan,         nan,  0.0000e+00,  0.0000e+00,
                 inf,  3.0354e+00],
        [        nan,         nan,         nan,  0.0000e+00,         inf,
          0.0000e+00,  5.4270e+00],
        [        nan,         nan,         nan,         inf,  0.0000e+00,
          0.0000e+00,  5.4270e+00],
        [        nan,         nan,         nan,         inf,         inf,
          0.0000e+00,  3.0354e+00],
        [        nan,         nan,         nan,         inf,  0.0000e+00,
          0.0000e+00,  6.9270e+00],
        [        nan,         nan,         nan,         inf,  0.0000e+00,
                 inf,  4.9270e+00],
        [        nan,         nan,         nan,         inf,  0.0000e+00,
          0.0000e+00,  5.8020e+00],
        [        nan,         nan,         nan,         inf,         inf,
          0.0000e+00,  4.4270e+00],
        [        nan,         nan,         nan,         inf,  0.0000e+00,
                 inf,  5.9270e+00],
        [        nan,         nan,         nan,         inf,         inf,
                 inf,  5.4270e+00],
        [        nan,         nan,         nan,         inf,  0.0000e+00,
                 inf,  5.8020e+00],
        [ 1.2171e+07, -6.8557e+05,  2.8880e+06,  0.0000e+00,  0.0000e+00,
          0.0000e+00,  1.5354e+00],
        [ 1.0372e+07, -7.9107e+06,  1.8559e+06,  0.0000e+00,  0.0000e+00,
          0.0000e+00,  3.6604e+00],
        [        nan,         nan,         nan,         inf,         inf,
                 inf,  5.6770e+00],
        [        nan,         nan,         nan,  0.0000e+00,  0.0000e+00,
                 inf,  5.3020e+00],
        [ 2.5642e+07, -7.4809e+06,  2.5938e+06,  0.0000e+00,  0.0000e+00,
          0.0000e+00,  3.0354e+00],
        [        nan,         nan,         nan,  0.0000e+00,  0.0000e+00,
                 inf,  4.4270e+00],
        [        nan,         nan,         nan,         inf,  0.0000e+00,
          0.0000e+00,  5.0520e+00],
        [        nan,         nan,         nan,         inf,  0.0000e+00,
                 inf,  6.6770e+00],
        [        nan,         nan,         nan,         inf,         inf,
          0.0000e+00,  3.7854e+00],
        [        nan,         nan,         nan,         inf,         inf,
          0.0000e+00,  6.3020e+00],
        [        nan,         nan,         nan,         inf,  0.0000e+00,
                 inf,  3.0354e+00],
        [        nan,         nan,         nan,  0.0000e+00,         inf,
          0.0000e+00,  1.0354e+00],
        [        nan,         nan,         nan,         inf,  0.0000e+00,
          0.0000e+00,  1.5354e+00],
        [        nan,         nan,         nan,  0.0000e+00,         inf,
                 inf,  4.4895e+00],
        [        nan,         nan,         nan,  0.0000e+00,  0.0000e+00,
                 inf,  6.8020e+00],
        [        nan,         nan,         nan,         inf,         inf,
          0.0000e+00,  2.7854e+00],
        [        nan,         nan,         nan,         inf,  0.0000e+00,
                 inf,  4.1770e+00],
        [        nan,         nan,         nan,         inf,  0.0000e+00,
          0.0000e+00,  2.0354e+00],
        [        nan,         nan,         nan,         inf,  0.0000e+00,
                 inf,  6.4895e+00],
        [        nan,         nan,         nan,         inf,         inf,
          0.0000e+00,  6.9270e+00],
        [ 1.0924e+07, -8.7028e+06,  5.6337e+06,  0.0000e+00,  0.0000e+00,
          0.0000e+00,  1.6291e+00],
        [        nan,         nan,         nan,         inf,         inf,
          0.0000e+00,  2.2854e+00],
        [        nan,         nan,         nan,         inf,         inf,
          0.0000e+00,  4.4270e+00],
        [        nan,         nan,         nan,         inf,  0.0000e+00,
          0.0000e+00,  6.5520e+00],
        [        nan,         nan,         nan,  0.0000e+00,  0.0000e+00,
                 inf,  6.1770e+00],
        [        nan,         nan,         nan,         inf,  0.0000e+00,
          0.0000e+00,  6.4270e+00]], device='cuda:0')
